  arc:  789.7 W  [caseParameters, full domain]
  droplets: 722 W as mass  [0.450 g/s at 1506 K]   total in 1512 W
  mesh: 88,200 cells, geometry read from 0/  (cell volume 0.0985 to 0.394 mm^3, ratio 4)
  geometry check passed on all 88,200 cells

     time   T metal     T gas    bottom   far met   far gas    pool    volume   d sol   d liq  U metal    U gas   E kept
        s         K         K         K         K         K   cells      mm^3      mm      m/s      m/s        %
  -------------------------------------------------------------------------------------------------------------------
     0.02     410.2     410.1     322.3     300.0     300.0       0      0.00    0.00    0.00   0.0000   0.0009     53.0
     0.04     857.3    1315.7     349.9     300.0     300.0       8      0.96   -0.25    0.00   0.0459   0.8694     78.6
     0.06     570.0     589.9     383.3     300.0     300.0       0      0.00    0.00    0.00   0.0000   0.7248     70.1
     0.08     853.9     853.9     414.2     300.0     300.0      12      1.50   -0.25    0.00   0.0331   2.5997     81.1
      0.1    1505.9    1503.8     443.9     300.0     361.0      44      5.50   -1.25   -1.25   0.5709   2.6282     85.8
     0.12     790.7     790.7     465.8     300.0     361.5       0      0.00    0.00    0.00   0.0000   6.8229     80.4
     0.14    1079.6    1097.2     486.0     300.1     374.5      49      6.13   -0.25   -0.75   0.3039   8.0623     82.3
  0.1475696396     902.3     902.8     492.0     300.1     382.3      27      3.37   -0.25    0.00   0.1920   8.7380     81.3
  0.1675696396     733.5     733.5     507.1     300.2     394.7       0      0.00    0.00    0.00   0.0000   5.4211     77.8
  0.1875696396     964.7    1026.7     519.5     300.4     386.9      46      5.75   -0.25   -0.75   0.3394   5.1289     79.3
  0.2075696396     728.9     734.2     527.3     300.6     423.1       0      0.00    0.00    0.00   0.0000   5.2736     77.0
  0.2275696396     884.2     897.5     536.4     301.0     412.7      20      2.50   -0.25    0.00   0.1228   5.5733     78.6
  0.2475696396     712.2     708.6     546.3     301.5     402.7       0      0.00    0.00    0.00   0.0000   6.0929     76.3
  0.2675696396     857.5     859.1     554.4     302.0     395.6      16      2.00   -0.25    0.00   0.0074   6.3107     78.3
  0.2875696396    1118.5    1387.0     562.7     302.7     402.0      88     11.00   -0.25   -0.75   0.9417   6.6872     80.0
  0.3075696396     867.7     867.8     570.1     303.5     415.2      26      3.25   -0.25    0.00   0.0304   6.3262     78.1
  0.3275696396     955.2     955.2     577.8     304.4     404.0      82     10.25   -0.25   -0.75   0.2250   6.3074     79.4
  0.3475696396     879.7     880.3     583.9     305.5     417.7      38      4.75   -0.75    0.00   0.0689   6.2972     78.1
  0.3675696396     912.2     908.2     589.7     306.6     445.9      90     11.25   -0.25   -0.75   0.2299   6.2554     79.2
  0.3875696396    1117.9    1134.9     594.8     307.9     396.2     116     14.50   -0.25   -0.75   0.6031   8.2620     80.1
  0.4075696396     890.3     889.7     599.3     309.2     445.9      71      8.88   -0.25    0.00   0.1450   6.2631     79.3
  0.4275696396     933.7     932.2     605.0     310.7     398.2     112     14.00    0.25   -0.75   0.2034   9.0709     80.1
  0.4475696396     882.4     878.5     610.1     312.3     413.6      60      7.50   -0.25    0.00   0.0784   8.6450     79.1
  0.4675696396     909.9     909.2     614.4     313.9     426.0      96     12.00   -0.25   -1.25   0.2024   8.9268     79.8
  0.4875696396    1103.7    1200.5     617.8     315.7     425.5     133     16.62   -0.25   -0.75   0.5280   9.2478     80.5
  0.5075696396     896.1     896.0     621.2     317.4     412.6     100     12.50    0.25    0.00   0.1850   9.4389     79.7
  0.5275696396     927.8     930.8     624.4     319.2     405.0     145     18.12    0.25   -0.75   0.2294   9.9459     80.6
  0.5475696396     885.1     881.1     627.2     321.1     450.9      93     11.62    0.25    0.00   0.1424  10.0242     79.7
  0.5675696396     904.9     905.6     630.8     323.0     468.5     123     15.37    0.25    0.00   0.2500   9.6569     80.3
  0.5875696396    1139.7    1148.3     634.1     325.0     443.2     156     19.50    0.25   -0.25   0.8914   9.7526     81.0
  0.6075696396     898.4     896.9     636.7     327.1     418.2     122     15.25    0.25    0.00   0.2996   9.5394     80.2
  0.6275696396     917.7     915.8     639.1     329.1     417.8     150     18.75    0.25   -0.75   0.2208   9.3701     80.9
  0.6475696396     879.6     878.9     641.8     331.2     404.9      98     12.25    0.25    0.00   0.1170   8.7701     80.3
  0.6675696396     850.7     848.1     644.6     333.3     414.3      38      4.75   -0.25    0.00   0.0047   8.7847     79.4
  0.6875696396     985.0    1354.5     644.8     335.5     419.7      77      9.62   -0.25   -0.75   0.2734   8.8637     79.6
  0.7075696396     861.2     858.4     643.4     337.6     425.2      26      3.25   -0.25    0.00   0.0038   8.5895     78.9
  0.7275696396     928.7    1215.4     643.1     339.8     431.8      83     10.37    0.25   -0.75   0.2481   8.9174     79.3
  0.7475696396     868.5     865.2     643.5     341.9     439.4      37      4.63    0.25    0.00   0.0109   8.6126     78.5
  0.7675696396     902.0     900.9     644.8     344.1     439.2      76      9.50    0.25    0.00   0.3004   8.7668     79.0
  0.7875696396    1088.9    1249.7     645.8     346.3     445.9     112     14.00    0.25   -0.25   0.4516   8.9609     79.2
  0.8075696396     891.6     891.5     647.0     348.5     475.4      77      9.62    0.25    0.00   0.2073   8.4117     78.7
  0.8275696396     943.5     942.7     648.7     350.7     473.9     149     18.62    0.25   -0.75   0.2454   8.7476     79.2
  0.8475696396     890.1     887.1     650.1     352.9     453.2     105     13.12    0.25    0.00   0.2165   8.8213     78.6
  0.8675696396     905.1     904.3     651.5     355.1     441.1     145     18.12    0.25    0.00   0.2764   8.5414     79.0
  0.8875696396    1074.7    1062.2     652.7     357.2     436.7     175     21.87    0.25   -0.25   0.4062   9.1079     79.3
  0.9075696396     897.8     898.1     654.6     359.4     431.9     142     17.75    0.25    0.00   0.2491   8.8122     78.8
  0.9275696396     918.0     918.3     656.4     361.5     435.0     186     23.25    0.25   -0.75   0.2208   9.0711     79.3
  0.9475696396     887.2     885.8     657.8     363.6     445.4     141     17.62    0.25    0.00   0.2070   9.2528     78.8
  0.9675696396     905.4     903.5     659.1     365.7     424.6     184     23.00    0.25    0.00   0.2277   8.5051     79.2
  0.9875696396    1089.1    1140.4     660.8     367.8     453.3     198     24.75    0.25    0.25   0.5323   9.0098     79.4
  1.0075696396     893.5     892.2     662.1     369.9     450.9     164     20.50    0.75    0.00   0.3675   9.1147     79.1
  1.0275696396     932.1     932.3     663.5     371.9     454.4     204     25.50    0.25   -0.25   0.2370   8.6059     79.5
  1.0475696396     889.2     885.5     664.6     373.9     451.8     156     19.50    0.25    0.00   0.2930   8.5704     79.1
  1.0675696396     905.7     960.3     666.1     375.9     457.6     181     22.62    0.25    0.00   0.3397   8.8355     79.5
  1.0875696396    1054.0    1151.8     667.2     377.9     450.7     211     26.37    0.75    0.25   0.4349   8.7755     79.7
  1.1075696396     896.2     896.7     668.1     379.9     455.8     171     21.37    0.75    0.00   0.3359   8.3849     79.3
  1.1275696396     925.0     924.6     668.8     381.8     463.4     203     25.37    0.75   -0.25   0.2068   8.5349     79.7
  1.1475696396     881.4     882.4     669.7     383.7     472.0     158     19.75    0.75    0.00   0.2476   8.5000     79.3
  1.1675696396     905.2     905.1     670.6     385.6     451.8     186     23.25    0.75    0.00   0.2474   7.3482     79.6
  1.1875696396    1075.1    1297.7     671.1     387.5     456.1     217     27.12    0.75    0.25   1.0335   8.7885     79.9
  1.2075696396     887.9     889.4     671.4     389.4     444.1     172     21.50    0.75    0.00   0.3582   8.9123     79.5
  1.2275696396     928.0     927.2     672.2     391.2     446.7     190     23.75    0.75   -0.25   0.1822   9.3940     79.8
  1.2475696396     884.5     881.4     672.7     393.0     436.0     149     18.62    0.75    0.00   0.1668   9.3222     79.4
  1.2675696396     907.7     907.2     673.0     394.8     430.7     172     21.50    0.75   -1.25   0.3148   9.2844     79.7
  1.2875696396    1105.6    1228.1     673.0     396.6     440.7     199     24.87    0.25    0.25   1.3322   9.2012     79.9
  1.3075696396     892.4     892.8     673.3     398.3     463.2     154     19.25    0.75    0.00   0.3478   9.1629     79.6
  1.3275696396     924.4     922.7     673.6     400.0     466.0     193     24.12    0.75   -0.25   0.2184   9.1523     79.9
  1.3475696396     883.6     884.0     673.9     401.8     450.2     149     18.62    0.75    0.00   0.2210   9.1294     79.5
  1.3675696396     905.3     905.1     674.1     403.5     448.9     179     22.37    0.75    0.00   0.3321   9.1325     79.9
  1.3875696396    1032.7    1085.6     674.4     405.1     444.9     198     24.75    0.75    0.25   0.3675   9.1289     80.1
  1.4075696396     893.4     889.7     675.0     406.8     453.3     157     19.62    0.75    0.00   0.3043   9.1028     79.8
  1.4275696396     955.4    1052.3     675.5     408.4     446.6     196     24.50    0.75    0.25   0.3190   9.0830     80.1
  1.4475696396     882.3     882.7     675.4     410.1     452.5     143     17.87    0.75    0.00   0.2039   9.0460     79.8
  1.4675696396     908.9     903.4     675.7     411.6     448.8     167     20.87    0.75   -1.25   0.3536   7.8273     80.0
  1.4875696396    1078.1    1368.2     676.0     413.2     453.1     196     24.50    0.75    0.25   0.4072   8.7960     80.2
  1.5075696396     894.0     990.4     676.4     414.8     450.0     155     19.37    0.75    0.00   0.3440   8.6382     79.9
  1.5275696396     906.9     906.4     676.8     416.3     449.5     184     23.00    0.75   -0.75   0.2290   8.5671     80.1
  1.5475696396     879.4     875.2     676.9     417.9     453.4     137     17.12    0.75    0.00   0.1544   8.7122     79.8
  1.5675696396     905.6     905.0     676.9     419.4     463.9     167     20.87    0.75    0.00   0.3069   8.9696     80.1
  1.5875696396    1268.9    1434.2     677.0     420.9     453.3     181     22.62    0.25    0.25   1.4397   9.0019     80.2
  1.6075696396     889.3     891.0     677.0     422.3     448.8     139     17.37    0.75    0.00   0.2495   8.8867     80.0
  1.6275696396     923.0     923.6     677.2     423.8     451.7     171     21.37    0.75   -0.25   0.2028   9.4610     80.2
  1.6475696396     883.7     881.3     677.2     425.2     468.6     129     16.12    0.75    0.00   0.1988   9.1210     79.9
  1.6675696396     901.8     902.8     677.3     426.6     461.0     154     19.25    0.75    0.00   0.2546   8.7942     80.1
  1.6875696396    1060.5    1143.6     677.3     428.0     455.7     180     22.50    0.75    0.25   0.4797   9.0389     80.2
  1.7075696396     896.3     895.9     677.4     429.4     472.1     149     18.62    0.75    0.00   0.3066   8.6727     79.9
  1.7275696396     938.1     937.6     677.7     430.7     452.1     186     23.25    0.75   -0.25   0.2009   8.8650     80.1
  1.7475696396     882.7     884.3     677.6     432.0     452.4     136     17.00    0.75    0.00   0.1864   9.2850     79.9
  1.7675696396     902.6     902.4     677.8     433.4     462.2     157     19.62    0.75    0.00   0.2566   9.1788     80.1
  1.7875696396    1079.1    1407.8     677.8     434.6     465.8     181     22.62    0.75    0.25   0.4738   9.5314     80.2
  1.8075696396     890.0     889.9     678.1     435.9     479.5     146     18.25    0.75    0.00   0.3667   9.1807     79.9
  1.8275696396     912.6     914.2     678.6     437.2     469.6     183     22.87    0.75   -0.25   0.2073   9.0074     80.1
  1.8475696396     880.6     878.2     678.8     438.4     467.7     131     16.37    0.75    0.00   0.2213   9.8681     79.8
  1.8675696396     902.4     902.4     678.9     439.6     463.4     157     19.62    0.25    0.00   0.3121  10.1507     79.9
  1.8875696396    1053.2    1103.5     678.6     440.8     456.8     199     24.87    0.25   -0.25   1.0373  10.0831     80.0
  1.9075696396     891.7     890.6     678.1     442.0     454.6     136     17.00    0.25    0.00   0.3060  11.1270     79.7
  1.9275696396     918.3     919.4     678.0     443.1     458.2     176     22.00    0.25   -0.25   0.2095  11.6822     79.9
  1.9475696396     882.9     880.0     677.8     444.2     460.6     129     16.12    0.25    0.00   0.2077  11.0488     79.6
  1.9675696396     906.1     905.0     678.1     445.3     461.6     166     20.75    0.25   -1.25   0.2318  10.9865     79.6
  1.9875696396    1305.9    1488.2     678.2     446.4     464.5     179     22.37    0.25   -0.25   0.7825  10.9315     79.7

  GATE:
    T metal below ~1600 K ........ vaporisation is disabled, so a runaway has
                                   no ceiling. Read the METAL column: T gas
                                   legitimately spikes near a droplet.
    pool volume > 0 AND CONTINUOUS  a pool that appears at each droplet and
                                   vanishes between them is not a weld pool,
                                   it is three separate solidification events.
                                   Every row must be non-zero, not just some.
    depth > 0.5 mm ............... more than one cell layer of the substrate
                                   is fused. At exactly 0.25 mm the pool is
                                   one cell deep and the number is the mesh
                                   talking, not the physics.
    d liq vs d sol ............... 'd sol' is measured to the bottom of the
                                   MUSHY zone (815 K up), 'd liq' to the
                                   fully liquid boundary (906 K up). Zhao's
                                   Figs. 11 and 18 colour to 906 K, so quote
                                   'd liq' against his ~1 mm penetration.
                                   Al-5Mg has a 91 K mushy interval, so the
                                   two differ a lot -- do not mix them.
    d sol < 4 mm ................. the mushy zone has not reached the plate
                                   bottom. Plate is 4 mm (Zhao's coupon)
                                   since the Stage 1 trim, NOT 6 mm.
    bottom < 815 K ............... the underside must stay below the solidus
                                   or the plate is melting through. It WILL
                                   climb: Eq. 29 (h = 80) is live now but
                                   removes only ~2% of the budget, and the
                                   trimmed plate is 6,000 mm3 -- a third of
                                   the old thermal mass. Watch for a plateau;
                                   a linear climb means melt-through.
    far met < 815 K .............. NO LONGER a domain-size gate. Since the
                                   trim, farField is the PHYSICAL long edge of
                                   Zhao's 50 x 30 x 4 mm coupon, 15 mm from
                                   the bead, and it is EXPECTED to warm. The
                                   gate is only that it stays well below the
                                   solidus. 'far gas' is not a gate at all:
                                   argon is advected, so it reports where the
                                   plume went, not how far heat conducted --
                                   and it moved with the trim, so it is not
                                   comparable across mesh changes.

  Al-5Mg solidus 815 K, liquidus 906 K. 'Pool' is above the SOLIDUS,
  i.e. mushy plus fully liquid -- the region that is no longer solid.
